
Detailed residuals after final iteration
            noise          abs            rel    noise          abs            rel
   0.04658    1:   0.84586E-03        0.04523 %    2:   0.61818E-05        0.00153 %      pixel # 1      Residual after iteration # 18

Date:             2010-05-19
Time:               07:15:00
Longitude:            3.1420
Latitude :           50.6120
Parameter #, Vector of retrieved parameters
             1   0.80636E-03
             2   0.35334E-01
             3   0.30302E+00
             4   0.48578E+00
             5   0.45923E+00
             6   0.32673E+00
             7   0.12627E+00
             8   0.36477E-01
             9   0.15582E-01
            10   0.21082E-01
            11   0.60129E-01
            12   0.12330E+00
            13   0.21352E+00
            14   0.29108E+00
            15   0.34485E+00
            16   0.30999E+00
            17   0.22675E+00
            18   0.14511E+00
            19   0.82957E-01
            20   0.59117E-01
            21   0.13808E-01
            22   0.85567E-03
            23   0.14544E+01
            24   0.14533E+01
            25   0.14528E+01
            26   0.14524E+01
            27   0.15120E-02
            28   0.15032E-02
            29   0.15026E-02
            30   0.14969E-02
            31   0.48705E+00
            32   0.26768E+00
            33   0.20000E+04
            34   0.54737E-01
            35   0.12461E+00
            36   0.32138E+00
            37   0.31308E+00
            38   0.23644E-01
            39   0.71903E-01
            40   0.21466E+00
            41   0.20909E+00
            42   0.86780E-02
            43   0.21164E-01
            44   0.26278E-01
            45   0.25621E-01
            46   0.21000E+01
            47   0.21000E+01
            48   0.21000E+01
            49   0.21000E+01

*** DETAILED PARAMETERS ***
Date:             2010-05-19
Time:               07:15:00
Longitude:            3.1420
Latitude :           50.6120
Size Distribution dV/dlnr (normalized by particle volume concentration) for Particle component 1
   0.50000E-01   0.80636E-03
   0.65604E-01   0.35334E-01
   0.86077E-01   0.30302E+00
   0.11294E+00   0.48578E+00
   0.14818E+00   0.45923E+00
   0.19443E+00   0.32673E+00
   0.25510E+00   0.12627E+00
   0.33472E+00   0.36477E-01
   0.43917E+00   0.15582E-01
   0.57623E+00   0.21082E-01
   0.75605E+00   0.60129E-01
   0.99200E+00   0.12330E+00
   0.13016E+01   0.21352E+00
   0.17078E+01   0.29108E+00
   0.22407E+01   0.34485E+00
   0.29400E+01   0.30999E+00
   0.38575E+01   0.22675E+00
   0.50613E+01   0.14511E+00
   0.66407E+01   0.82957E-01
   0.87131E+01   0.59117E-01
   0.11432E+02   0.13808E-01
   0.15000E+02   0.85567E-03
Aerosol volume concentration (um^3/um^2 or um^3/um^3)
             1   0.26768E+00
% of spherical particles for Particle component 1
             1   0.48705E+02
Aerosol profile mean height (m)
             1   0.20000E+04
Angstrom exp ( 0.670 / 0.870 )
                 0.16151E+01
Wavelength (um), AOD_Total (unitless or 1/um)
       0.44000   0.99709E+00
       0.67000   0.46530E+00
       0.87000   0.30515E+00
       1.02000   0.24576E+00
Wavelength (um), SSA_Total
       0.44000   0.98262E+00
       0.67000   0.97628E+00
       0.87000   0.97250E+00
       1.02000   0.97118E+00
Wavelength (um), AAOD_Total (unitless or 1/um)
       0.44000   0.17332E-01
       0.67000   0.11039E-01
       0.87000   0.83921E-02
       1.02000   0.70837E-02
Wavelength (um), REAL Ref. Index
           1
       0.44000       1.45441
       0.67000       1.45325
       0.87000       1.45284
       1.02000       1.45241
Wavelength (um), IMAG Ref. Index
           1
       0.44000   0.15120E-02
       0.67000   0.15032E-02
       0.87000   0.15026E-02
       1.02000   0.14969E-02

*** FITTING ***
------------------------------------------------------------------------
pixel #    1   wavelength #   1     0.440 (um)
------------------------------------------------------------------------
       meas_tod        fit_tod
    0.12378E+01    0.12379E+01
   #      sza      vis      fis  sca_ang         meas_I          fit_I
   1    70.00   110.00   183.50     3.29    0.75779E+00    0.75820E+00
   2    70.00   110.00   184.00     3.76    0.68474E+00    0.68509E+00
   3    70.00   110.00   185.00     4.70    0.58504E+00    0.58513E+00
   4    70.00   110.00   186.00     5.64    0.52445E+00    0.52451E+00
   5    70.00   110.00   187.00     6.58    0.48591E+00    0.48602E+00
   6    70.00   110.00   188.00     7.52    0.46025E+00    0.46039E+00
   7    70.00   110.00   190.00     9.40    0.42901E+00    0.42912E+00
   8    70.00   110.00   192.00    11.27    0.41005E+00    0.41008E+00
   9    70.00   110.00   194.00    13.15    0.39597E+00    0.39597E+00
  10    70.00   110.00   196.00    15.03    0.38388E+00    0.38384E+00
  11    70.00   110.00   198.00    16.91    0.37255E+00    0.37248E+00
  12    70.00   110.00   200.00    18.78    0.36156E+00    0.36147E+00
  13    70.00   110.00   205.00    23.47    0.33479E+00    0.33468E+00
  14    70.00   110.00   210.00    28.15    0.30894E+00    0.30887E+00
  15    70.00   110.00   215.00    32.83    0.28451E+00    0.28449E+00
  16    70.00   110.00   220.00    37.49    0.26196E+00    0.26200E+00
  17    70.00   110.00   225.00    42.15    0.24153E+00    0.24159E+00
  18    70.00   110.00   230.00    46.80    0.22324E+00    0.22331E+00
  19    70.00   110.00   240.00    56.05    0.19267E+00    0.19276E+00
  20    70.00   110.00   250.00    65.23    0.16909E+00    0.16918E+00
  21    70.00   110.00   260.00    74.32    0.15117E+00    0.15125E+00
  22    70.00   110.00   270.00    83.28    0.13783E+00    0.13790E+00
  23    70.00   110.00   280.00    92.08    0.12823E+00    0.12827E+00
  24    70.00   110.00   300.00   108.94    0.11740E+00    0.11737E+00
  25    70.00   110.00   320.00   124.02    0.11378E+00    0.11365E+00
  26    70.00   110.00   340.00   135.46    0.11353E+00    0.11332E+00
------------------------------------------------------------------------
pixel #    1   wavelength #   2     0.670 (um)
------------------------------------------------------------------------
       meas_tod        fit_tod
    0.50847E+00    0.50847E+00
   #      sza      vis      fis  sca_ang         meas_I          fit_I
   1    70.00   110.00   183.50     3.29    0.30874E+01    0.30852E+01
   2    70.00   110.00   184.00     3.76    0.27056E+01    0.27048E+01
   3    70.00   110.00   185.00     4.70    0.21173E+01    0.21178E+01
   4    70.00   110.00   186.00     5.64    0.17064E+01    0.17067E+01
   5    70.00   110.00   187.00     6.58    0.14162E+01    0.14159E+01
   6    70.00   110.00   188.00     7.52    0.12085E+01    0.12080E+01
   7    70.00   110.00   190.00     9.40    0.94700E+00    0.94696E+00
   8    70.00   110.00   192.00    11.27    0.79860E+00    0.79881E+00
   9    70.00   110.00   194.00    13.15    0.70886E+00    0.70903E+00
  10    70.00   110.00   196.00    15.03    0.64774E+00    0.64794E+00
  11    70.00   110.00   198.00    16.91    0.60255E+00    0.60280E+00
  12    70.00   110.00   200.00    18.78    0.56668E+00    0.56691E+00
  13    70.00   110.00   205.00    23.47    0.50053E+00    0.50060E+00
  14    70.00   110.00   210.00    28.15    0.44700E+00    0.44697E+00
  15    70.00   110.00   215.00    32.83    0.39977E+00    0.39961E+00
  16    70.00   110.00   220.00    37.49    0.35744E+00    0.35721E+00
  17    70.00   110.00   225.00    42.15    0.31936E+00    0.31914E+00
  18    70.00   110.00   230.00    46.80    0.28559E+00    0.28542E+00
  19    70.00   110.00   240.00    56.05    0.22976E+00    0.22969E+00
  20    70.00   110.00   250.00    65.23    0.18762E+00    0.18763E+00
  21    70.00   110.00   260.00    74.32    0.15671E+00    0.15677E+00
  22    70.00   110.00   270.00    83.28    0.13484E+00    0.13492E+00
  23    70.00   110.00   280.00    92.08    0.11989E+00    0.11996E+00
  24    70.00   110.00   300.00   108.94    0.10396E+00    0.10402E+00
  25    70.00   110.00   320.00   124.02    0.99638E-01    0.99677E-01
  26    70.00   110.00   340.00   135.46    0.10054E+00    0.10054E+00
------------------------------------------------------------------------
pixel #    1   wavelength #   3     0.870 (um)
------------------------------------------------------------------------
       meas_tod        fit_tod
    0.32016E+00    0.32017E+00
   #      sza      vis      fis  sca_ang         meas_I          fit_I
   1    70.00   110.00   183.50     3.29    0.40685E+01    0.40667E+01
   2    70.00   110.00   184.00     3.76    0.36419E+01    0.36387E+01
   3    70.00   110.00   185.00     4.70    0.29325E+01    0.29314E+01
   4    70.00   110.00   186.00     5.64    0.23893E+01    0.23897E+01
   5    70.00   110.00   187.00     6.58    0.19755E+01    0.19759E+01
   6    70.00   110.00   188.00     7.52    0.16594E+01    0.16594E+01
   7    70.00   110.00   190.00     9.40    0.12301E+01    0.12295E+01
   8    70.00   110.00   192.00    11.27    0.96723E+00    0.96678E+00
   9    70.00   110.00   194.00    13.15    0.80132E+00    0.80109E+00
  10    70.00   110.00   196.00    15.03    0.68850E+00    0.68848E+00
  11    70.00   110.00   198.00    16.91    0.60793E+00    0.60805E+00
  12    70.00   110.00   200.00    18.78    0.54797E+00    0.54807E+00
  13    70.00   110.00   205.00    23.47    0.45226E+00    0.45217E+00
  14    70.00   110.00   210.00    28.15    0.38817E+00    0.38819E+00
  15    70.00   110.00   215.00    32.83    0.33919E+00    0.33928E+00
  16    70.00   110.00   220.00    37.49    0.29909E+00    0.29914E+00
  17    70.00   110.00   225.00    42.15    0.26486E+00    0.26486E+00
  18    70.00   110.00   230.00    46.80    0.23582E+00    0.23577E+00
  19    70.00   110.00   240.00    56.05    0.18937E+00    0.18928E+00
  20    70.00   110.00   250.00    65.23    0.15542E+00    0.15537E+00
  21    70.00   110.00   260.00    74.32    0.13128E+00    0.13127E+00
  22    70.00   110.00   270.00    83.28    0.11439E+00    0.11441E+00
  23    70.00   110.00   280.00    92.08    0.10291E+00    0.10295E+00
  24    70.00   110.00   300.00   108.94    0.91727E-01    0.91739E-01
  25    70.00   110.00   320.00   124.02    0.89771E-01    0.89736E-01
  26    70.00   110.00   340.00   135.46    0.91964E-01    0.91861E-01
------------------------------------------------------------------------
pixel #    1   wavelength #   4     1.020 (um)
------------------------------------------------------------------------
       meas_tod        fit_tod
    0.25367E+00    0.25367E+00
   #      sza      vis      fis  sca_ang         meas_I          fit_I
   1    70.00   110.00   183.50     3.29    0.41042E+01    0.41109E+01
   2    70.00   110.00   184.00     3.76    0.37376E+01    0.37370E+01
   3    70.00   110.00   185.00     4.70    0.30991E+01    0.30970E+01
   4    70.00   110.00   186.00     5.64    0.25816E+01    0.25815E+01
   5    70.00   110.00   187.00     6.58    0.21682E+01    0.21690E+01
   6    70.00   110.00   188.00     7.52    0.18391E+01    0.18401E+01
   7    70.00   110.00   190.00     9.40    0.13674E+01    0.13676E+01
   8    70.00   110.00   192.00    11.27    0.10621E+01    0.10616E+01
   9    70.00   110.00   194.00    13.15    0.85875E+00    0.85835E+00
  10    70.00   110.00   196.00    15.03    0.71759E+00    0.71738E+00
  11    70.00   110.00   198.00    16.91    0.61609E+00    0.61605E+00
  12    70.00   110.00   200.00    18.78    0.54077E+00    0.54079E+00
  13    70.00   110.00   205.00    23.47    0.41903E+00    0.41896E+00
  14    70.00   110.00   210.00    28.15    0.34427E+00    0.34418E+00
  15    70.00   110.00   215.00    32.83    0.29158E+00    0.29150E+00
  16    70.00   110.00   220.00    37.49    0.25125E+00    0.25118E+00
  17    70.00   110.00   225.00    42.15    0.21886E+00    0.21883E+00
  18    70.00   110.00   230.00    46.80    0.19243E+00    0.19243E+00
  19    70.00   110.00   240.00    56.05    0.15219E+00    0.15218E+00
  20    70.00   110.00   250.00    65.23    0.12420E+00    0.12417E+00
  21    70.00   110.00   260.00    74.32    0.10478E+00    0.10475E+00
  22    70.00   110.00   270.00    83.28    0.91315E-01    0.91310E-01
  23    70.00   110.00   280.00    92.08    0.82410E-01    0.82426E-01
  24    70.00   110.00   300.00   108.94    0.74037E-01    0.74056E-01
  25    70.00   110.00   320.00   124.02    0.73277E-01    0.73249E-01
  26    70.00   110.00   340.00   135.46    0.75731E-01    0.75650E-01
