1    8.9835E-06    9.44007E-06    9.31601E-06    9.85528E-06    8.9835E-06    9.44007E-06    9.31601E-06    9.85528E-06
2    8.46188E-05    8.89102E-05    8.77528E-05    9.28251E-05    8.46188E-05    8.89102E-05    8.77528E-05    9.28251E-05
3    0.012670984    0.013307879    0.013150441    0.013906808    0.012670984    0.013307879    0.013150441    0.013906808
4    0.081031122    0.085149565    0.084029652    0.088893199    0.081031122    0.085149565    0.084029652    0.088893199
5    0.020244381    0.021325453    0.020991742    0.022236127    0.020244381    0.021325453    0.020991742    0.022236127
6    1.77E-05    1.77E-05    1.77E-05    1.77E-05    1.77E-05    1.77E-05    1.77E-05    1.77E-05
7    1.81E-05    1.81E-05    1.81E-05    1.81E-05    1.81E-05    1.81E-05    1.81E-05    1.81E-05
8    1.85E-05    1.85E-05    1.85E-05    1.85E-05    1.85E-05    1.85E-05    1.85E-05    1.85E-05
9    1.90E-05    1.90E-05    1.90E-05    1.90E-05    1.90E-05    1.90E-05    1.90E-05    1.90E-05
10    1.95E-05    1.95E-05    1.95E-05    1.95E-05    1.95E-05    1.95E-05    1.95E-05    1.95E-05
11    1.99E-05    1.99E-05    1.99E-05    1.99E-05    1.99E-05    1.99E-05    1.99E-05    1.99E-05
12    2.04E-05    2.04E-05    2.04E-05    2.04E-05    2.04E-05    2.04E-05    2.04E-05    2.04E-05
13    2.09E-05    2.09E-05    2.09E-05    2.09E-05    2.09E-05    2.09E-05    2.09E-05    2.09E-05
14    2.14E-05    2.14E-05    2.14E-05    2.14E-05    2.14E-05    2.14E-05    2.14E-05    2.14E-05
15    2.19E-05    2.19E-05    2.19E-05    2.19E-05    2.19E-05    2.19E-05    2.19E-05    2.19E-05
16    2.25E-05    2.25E-05    2.25E-05    2.25E-05    2.25E-05    2.25E-05    2.25E-05    2.25E-05
17    2.30E-05    2.30E-05    2.30E-05    2.30E-05    2.30E-05    2.30E-05    2.30E-05    2.30E-05
18    2.36E-05    2.36E-05    2.36E-05    2.36E-05    2.36E-05    2.36E-05    2.36E-05    2.36E-05
19    2.42E-05    2.42E-05    2.42E-05    2.42E-05    2.42E-05    2.42E-05    2.42E-05    2.42E-05
20    2.47E-05    2.47E-05    2.47E-05    2.47E-05    2.47E-05    2.47E-05    2.47E-05    2.47E-05
21    2.53E-05    2.53E-05    2.53E-05    2.53E-05    2.53E-05    2.53E-05    2.53E-05    2.53E-05
22    2.60E-05    2.60E-05    2.60E-05    2.60E-05    2.60E-05    2.60E-05    2.60E-05    2.60E-05
23    2.66E-05    2.66E-05    2.66E-05    2.66E-05    2.66E-05    2.66E-05    2.66E-05    2.66E-05
24    2.72E-05    2.72E-05    2.72E-05    2.72E-05    2.72E-05    2.72E-05    2.72E-05    2.72E-05
25    2.79E-05    2.79E-05    2.79E-05    2.79E-05    2.79E-05    2.79E-05    2.79E-05    2.79E-05
26    2.86E-05    2.86E-05    2.86E-05    2.86E-05    2.86E-05    2.86E-05    2.86E-05    2.86E-05
27    2.93E-05    2.93E-05    2.93E-05    2.93E-05    2.93E-05    2.93E-05    2.93E-05    2.93E-05
28    3.00E-05    3.00E-05    3.00E-05    3.00E-05    3.00E-05    3.00E-05    3.00E-05    3.00E-05
29    3.07E-05    3.07E-05    3.07E-05    3.07E-05    3.07E-05    3.07E-05    3.07E-05    3.07E-05
30    3.14E-05    3.14E-05    3.14E-05    3.14E-05    3.14E-05    3.14E-05    3.14E-05    3.14E-05
31    3.22E-05    3.22E-05    3.22E-05    3.22E-05    3.22E-05    3.22E-05    3.22E-05    3.22E-05
32    3.30E-05    3.30E-05    3.30E-05    3.30E-05    3.30E-05    3.30E-05    3.30E-05    3.30E-05
33    3.38E-05    3.38E-05    3.38E-05    3.38E-05    3.38E-05    3.38E-05    3.38E-05    3.38E-05
34    3.46E-05    3.46E-05    3.46E-05    3.46E-05    3.46E-05    3.46E-05    3.46E-05    3.46E-05
35    3.55E-05    3.55E-05    3.55E-05    3.55E-05    3.55E-05    3.55E-05    3.55E-05    3.55E-05
36    3.63E-05    3.63E-05    3.63E-05    3.63E-05    3.63E-05    3.63E-05    3.63E-05    3.63E-05
37    3.72E-05    3.72E-05    3.72E-05    3.72E-05    3.72E-05    3.72E-05    3.72E-05    3.72E-05
38    3.81E-05    3.81E-05    3.81E-05    3.81E-05    3.81E-05    3.81E-05    3.81E-05    3.81E-05
39    3.90E-05    3.90E-05    3.90E-05    3.90E-05    3.90E-05    3.90E-05    3.90E-05    3.90E-05
40    4.00E-05    4.00E-05    4.00E-05    4.00E-05    4.00E-05    4.00E-05    4.00E-05    4.00E-05
41    4.09E-05    4.09E-05    4.09E-05    4.09E-05    4.09E-05    4.09E-05    4.09E-05    4.09E-05
42    4.19E-05    4.19E-05    4.19E-05    4.19E-05    4.19E-05    4.19E-05    4.19E-05    4.19E-05
43    4.30E-05    4.30E-05    4.30E-05    4.30E-05    4.30E-05    4.30E-05    4.30E-05    4.30E-05
44    4.40E-05    4.40E-05    4.40E-05    4.40E-05    4.40E-05    4.40E-05    4.40E-05    4.40E-05
45    4.51E-05    4.51E-05    4.51E-05    4.51E-05    4.51E-05    4.51E-05    4.51E-05    4.51E-05
46    4.62E-05    4.62E-05    4.62E-05    4.62E-05    4.62E-05    4.62E-05    4.62E-05    4.62E-05
47    4.73E-05    4.73E-05    4.73E-05    4.73E-05    4.73E-05    4.73E-05    4.73E-05    4.73E-05
48    4.84E-05    4.84E-05    4.84E-05    4.84E-05    4.84E-05    4.84E-05    4.84E-05    4.84E-05
49    4.96E-05    4.96E-05    4.96E-05    4.96E-05    4.96E-05    4.96E-05    4.96E-05    4.96E-05
50    5.08E-05    5.08E-05    5.08E-05    5.08E-05    5.08E-05    5.08E-05    5.08E-05    5.08E-05
51    5.21E-05    5.21E-05    5.21E-05    5.21E-05    5.21E-05    5.21E-05    5.21E-05    5.21E-05
52    5.33E-05    5.33E-05    5.33E-05    5.33E-05    5.33E-05    5.33E-05    5.33E-05    5.33E-05
53    5.46E-05    5.46E-05    5.46E-05    5.46E-05    5.46E-05    5.46E-05    5.46E-05    5.46E-05
54    5.59E-05    5.59E-05    5.59E-05    5.59E-05    5.59E-05    5.59E-05    5.59E-05    5.59E-05
55    5.73E-05    5.73E-05    5.73E-05    5.73E-05    5.73E-05    5.73E-05    5.73E-05    5.73E-05
56    5.87E-05    5.87E-05    5.87E-05    5.87E-05    5.87E-05    5.87E-05    5.87E-05    5.87E-05
57    6.01E-05    6.01E-05    6.01E-05    6.01E-05    6.01E-05    6.01E-05    6.01E-05    6.01E-05
58    6.16E-05    6.16E-05    6.16E-05    6.16E-05    6.16E-05    6.16E-05    6.16E-05    6.16E-05
59    6.31E-05    6.31E-05    6.31E-05    6.31E-05    6.31E-05    6.31E-05    6.31E-05    6.31E-05
60    6.46E-05    6.46E-05    6.46E-05    6.46E-05    6.46E-05    6.46E-05    6.46E-05    6.46E-05
61    6.62E-05    6.62E-05    6.62E-05    6.62E-05    6.62E-05    6.62E-05    6.62E-05    6.62E-05
62    6.78E-05    6.78E-05    6.78E-05    6.78E-05    6.78E-05    6.78E-05    6.78E-05    6.78E-05
63    6.94E-05    6.94E-05    6.94E-05    6.94E-05    6.94E-05    6.94E-05    6.94E-05    6.94E-05
64    7.11E-05    7.11E-05    7.11E-05    7.11E-05    7.11E-05    7.11E-05    7.11E-05    7.11E-05
65    7.28E-05    7.28E-05    7.28E-05    7.28E-05    7.28E-05    7.28E-05    7.28E-05    7.28E-05
66    7.46E-05    7.46E-05    7.46E-05    7.46E-05    7.46E-05    7.46E-05    7.46E-05    7.46E-05
67    7.64E-05    7.64E-05    7.64E-05    7.64E-05    7.64E-05    7.64E-05    7.64E-05    7.64E-05
68    7.83E-05    7.83E-05    7.83E-05    7.83E-05    7.83E-05    7.83E-05    7.83E-05    7.83E-05
69    8.02E-05    8.02E-05    8.02E-05    8.02E-05    8.02E-05    8.02E-05    8.02E-05    8.02E-05
70    8.21E-05    8.21E-05    8.21E-05    8.21E-05    8.21E-05    8.21E-05    8.21E-05    8.21E-05
71    8.41E-05    8.41E-05    8.41E-05    8.41E-05    8.41E-05    8.41E-05    8.41E-05    8.41E-05
72    8.62E-05    8.62E-05    8.62E-05    8.62E-05    8.62E-05    8.62E-05    8.62E-05    8.62E-05
73    8.83E-05    8.83E-05    8.83E-05    8.83E-05    8.83E-05    8.83E-05    8.83E-05    8.83E-05
74    9.04E-05    9.04E-05    9.04E-05    9.04E-05    9.04E-05    9.04E-05    9.04E-05    9.04E-05
75    9.26E-05    9.26E-05    9.26E-05    9.26E-05    9.26E-05    9.26E-05    9.26E-05    9.26E-05
76    9.49E-05    9.49E-05    9.49E-05    9.49E-05    9.49E-05    9.49E-05    9.49E-05    9.49E-05
77    9.72E-05    9.72E-05    9.72E-05    9.72E-05    9.72E-05    9.72E-05    9.72E-05    9.72E-05
78    9.95E-05    9.95E-05    9.95E-05    9.95E-05    9.95E-05    9.95E-05    9.95E-05    9.95E-05
79    1.02E-04    1.02E-04    1.02E-04    1.02E-04    1.02E-04    1.02E-04    1.02E-04    1.02E-04
80    1.04E-04    1.04E-04    1.04E-04    1.04E-04    1.04E-04    1.04E-04    1.04E-04    1.04E-04
81    1.07E-04    1.07E-04    1.07E-04    1.07E-04    1.07E-04    1.07E-04    1.07E-04    1.07E-04
82    1.10E-04    1.10E-04    1.10E-04    1.10E-04    1.10E-04    1.10E-04    1.10E-04    1.10E-04
83    1.12E-04    1.12E-04    1.12E-04    1.12E-04    1.12E-04    1.12E-04    1.12E-04    1.12E-04
84    1.15E-04    1.15E-04    1.15E-04    1.15E-04    1.15E-04    1.15E-04    1.15E-04    1.15E-04
85    1.18E-04    1.18E-04    1.18E-04    1.18E-04    1.18E-04    1.18E-04    1.18E-04    1.18E-04
86    1.21E-04    1.21E-04    1.21E-04    1.21E-04    1.21E-04    1.21E-04    1.21E-04    1.21E-04
87    1.24E-04    1.24E-04    1.24E-04    1.24E-04    1.24E-04    1.24E-04    1.24E-04    1.24E-04
88    1.27E-04    1.27E-04    1.27E-04    1.27E-04    1.27E-04    1.27E-04    1.27E-04    1.27E-04
89    1.30E-04    1.30E-04    1.30E-04    1.30E-04    1.30E-04    1.30E-04    1.30E-04    1.30E-04
90    1.33E-04    1.33E-04    1.33E-04    1.33E-04    1.33E-04    1.33E-04    1.33E-04    1.33E-04
91    1.36E-04    1.36E-04    1.36E-04    1.36E-04    1.36E-04    1.36E-04    1.36E-04    1.36E-04
92    1.39E-04    1.39E-04    1.39E-04    1.39E-04    1.39E-04    1.39E-04    1.39E-04    1.39E-04
93    1.43E-04    1.43E-04    1.43E-04    1.43E-04    1.43E-04    1.43E-04    1.43E-04    1.43E-04
94    1.46E-04    1.46E-04    1.46E-04    1.46E-04    1.46E-04    1.46E-04    1.46E-04    1.46E-04
95    1.50E-04    1.50E-04    1.50E-04    1.50E-04    1.50E-04    1.50E-04    1.50E-04    1.50E-04
96    1.53E-04    1.53E-04    1.53E-04    1.53E-04    1.53E-04    1.53E-04    1.53E-04    1.53E-04
97    1.57E-04    1.57E-04    1.57E-04    1.57E-04    1.57E-04    1.57E-04    1.57E-04    1.57E-04
98    1.61E-04    1.61E-04    1.61E-04    1.61E-04    1.61E-04    1.61E-04    1.61E-04    1.61E-04
99    1.65E-04    1.65E-04    1.65E-04    1.65E-04    1.65E-04    1.65E-04    1.65E-04    1.65E-04
100    1.69E-04    1.69E-04    1.69E-04    1.69E-04    1.69E-04    1.69E-04    1.69E-04    1.69E-04
101    1.73E-04    1.73E-04    1.73E-04    1.73E-04    1.73E-04    1.73E-04    1.73E-04    1.73E-04
102    1.77E-04    1.77E-04    1.77E-04    1.77E-04    1.77E-04    1.77E-04    1.77E-04    1.77E-04
103    1.81E-04    1.81E-04    1.81E-04    1.81E-04    1.81E-04    1.81E-04    1.81E-04    1.81E-04
104    1.86E-04    1.86E-04    1.86E-04    1.86E-04    1.86E-04    1.86E-04    1.86E-04    1.86E-04
105    1.90E-04    1.90E-04    1.90E-04    1.90E-04    1.90E-04    1.90E-04    1.90E-04    1.90E-04
106    1.77E-05    1.77E-05    1.77E-05    1.77E-05    1.77E-05    1.77E-05    1.77E-05    1.77E-05
107    1.81E-05    1.81E-05    1.81E-05    1.81E-05    1.81E-05    1.81E-05    1.81E-05    1.81E-05
108    1.85E-05    1.85E-05    1.85E-05    1.85E-05    1.85E-05    1.85E-05    1.85E-05    1.85E-05
109    1.90E-05    1.90E-05    1.90E-05    1.90E-05    1.90E-05    1.90E-05    1.90E-05    1.90E-05
110    1.95E-05    1.95E-05    1.95E-05    1.95E-05    1.95E-05    1.95E-05    1.95E-05    1.95E-05
111    1.99E-05    1.99E-05    1.99E-05    1.99E-05    1.99E-05    1.99E-05    1.99E-05    1.99E-05
112    2.04E-05    2.04E-05    2.04E-05    2.04E-05    2.04E-05    2.04E-05    2.04E-05    2.04E-05
113    2.09E-05    2.09E-05    2.09E-05    2.09E-05    2.09E-05    2.09E-05    2.09E-05    2.09E-05
114    2.14E-05    2.14E-05    2.14E-05    2.14E-05    2.14E-05    2.14E-05    2.14E-05    2.14E-05
115    2.19E-05    2.19E-05    2.19E-05    2.19E-05    2.19E-05    2.19E-05    2.19E-05    2.19E-05
116    2.25E-05    2.25E-05    2.25E-05    2.25E-05    2.25E-05    2.25E-05    2.25E-05    2.25E-05
117    2.30E-05    2.30E-05    2.30E-05    2.30E-05    2.30E-05    2.30E-05    2.30E-05    2.30E-05
118    2.36E-05    2.36E-05    2.36E-05    2.36E-05    2.36E-05    2.36E-05    2.36E-05    2.36E-05
119    2.42E-05    2.42E-05    2.42E-05    2.42E-05    2.42E-05    2.42E-05    2.42E-05    2.42E-05
120    2.47E-05    2.47E-05    2.47E-05    2.47E-05    2.47E-05    2.47E-05    2.47E-05    2.47E-05
121    2.53E-05    2.53E-05    2.53E-05    2.53E-05    2.53E-05    2.53E-05    2.53E-05    2.53E-05
122    2.60E-05    2.60E-05    2.60E-05    2.60E-05    2.60E-05    2.60E-05    2.60E-05    2.60E-05
123    2.66E-05    2.66E-05    2.66E-05    2.66E-05    2.66E-05    2.66E-05    2.66E-05    2.66E-05
124    2.72E-05    2.72E-05    2.72E-05    2.72E-05    2.72E-05    2.72E-05    2.72E-05    2.72E-05
125    2.79E-05    2.79E-05    2.79E-05    2.79E-05    2.79E-05    2.79E-05    2.79E-05    2.79E-05
126    2.86E-05    2.86E-05    2.86E-05    2.86E-05    2.86E-05    2.86E-05    2.86E-05    2.86E-05
127    2.93E-05    2.93E-05    2.93E-05    2.93E-05    2.93E-05    2.93E-05    2.93E-05    2.93E-05
128    3.00E-05    3.00E-05    3.00E-05    3.00E-05    3.00E-05    3.00E-05    3.00E-05    3.00E-05
129    3.07E-05    3.07E-05    3.07E-05    3.07E-05    3.07E-05    3.07E-05    3.07E-05    3.07E-05
130    3.14E-05    3.14E-05    3.14E-05    3.14E-05    3.14E-05    3.14E-05    3.14E-05    3.14E-05
131    3.22E-05    3.22E-05    3.22E-05    3.22E-05    3.22E-05    3.22E-05    3.22E-05    3.22E-05
132    3.30E-05    3.30E-05    3.30E-05    3.30E-05    3.30E-05    3.30E-05    3.30E-05    3.30E-05
133    3.38E-05    3.38E-05    3.38E-05    3.38E-05    3.38E-05    3.38E-05    3.38E-05    3.38E-05
134    3.46E-05    3.46E-05    3.46E-05    3.46E-05    3.46E-05    3.46E-05    3.46E-05    3.46E-05
135    3.55E-05    3.55E-05    3.55E-05    3.55E-05    3.55E-05    3.55E-05    3.55E-05    3.55E-05
136    3.63E-05    3.63E-05    3.63E-05    3.63E-05    3.63E-05    3.63E-05    3.63E-05    3.63E-05
137    3.72E-05    3.72E-05    3.72E-05    3.72E-05    3.72E-05    3.72E-05    3.72E-05    3.72E-05
138    3.81E-05    3.81E-05    3.81E-05    3.81E-05    3.81E-05    3.81E-05    3.81E-05    3.81E-05
139    3.90E-05    3.90E-05    3.90E-05    3.90E-05    3.90E-05    3.90E-05    3.90E-05    3.90E-05
140    4.00E-05    4.00E-05    4.00E-05    4.00E-05    4.00E-05    4.00E-05    4.00E-05    4.00E-05
141    4.09E-05    4.09E-05    4.09E-05    4.09E-05    4.09E-05    4.09E-05    4.09E-05    4.09E-05
142    4.19E-05    4.19E-05    4.19E-05    4.19E-05    4.19E-05    4.19E-05    4.19E-05    4.19E-05
143    4.30E-05    4.30E-05    4.30E-05    4.30E-05    4.30E-05    4.30E-05    4.30E-05    4.30E-05
144    4.40E-05    4.40E-05    4.40E-05    4.40E-05    4.40E-05    4.40E-05    4.40E-05    4.40E-05
145    4.51E-05    4.51E-05    4.51E-05    4.51E-05    4.51E-05    4.51E-05    4.51E-05    4.51E-05
146    4.62E-05    4.62E-05    4.62E-05    4.62E-05    4.62E-05    4.62E-05    4.62E-05    4.62E-05
147    4.73E-05    4.73E-05    4.73E-05    4.73E-05    4.73E-05    4.73E-05    4.73E-05    4.73E-05
148    4.84E-05    4.84E-05    4.84E-05    4.84E-05    4.84E-05    4.84E-05    4.84E-05    4.84E-05
149    4.96E-05    4.96E-05    4.96E-05    4.96E-05    4.96E-05    4.96E-05    4.96E-05    4.96E-05
150    5.08E-05    5.08E-05    5.08E-05    5.08E-05    5.08E-05    5.08E-05    5.08E-05    5.08E-05
151    5.21E-05    5.21E-05    5.21E-05    5.21E-05    5.21E-05    5.21E-05    5.21E-05    5.21E-05
152    5.33E-05    5.33E-05    5.33E-05    5.33E-05    5.33E-05    5.33E-05    5.33E-05    5.33E-05
153    5.46E-05    5.46E-05    5.46E-05    5.46E-05    5.46E-05    5.46E-05    5.46E-05    5.46E-05
154    5.59E-05    5.59E-05    5.59E-05    5.59E-05    5.59E-05    5.59E-05    5.59E-05    5.59E-05
155    5.73E-05    5.73E-05    5.73E-05    5.73E-05    5.73E-05    5.73E-05    5.73E-05    5.73E-05
156    5.87E-05    5.87E-05    5.87E-05    5.87E-05    5.87E-05    5.87E-05    5.87E-05    5.87E-05
157    6.01E-05    6.01E-05    6.01E-05    6.01E-05    6.01E-05    6.01E-05    6.01E-05    6.01E-05
158    6.16E-05    6.16E-05    6.16E-05    6.16E-05    6.16E-05    6.16E-05    6.16E-05    6.16E-05
159    6.31E-05    6.31E-05    6.31E-05    6.31E-05    6.31E-05    6.31E-05    6.31E-05    6.31E-05
160    6.46E-05    6.46E-05    6.46E-05    6.46E-05    6.46E-05    6.46E-05    6.46E-05    6.46E-05
161    6.62E-05    6.62E-05    6.62E-05    6.62E-05    6.62E-05    6.62E-05    6.62E-05    6.62E-05
162    6.78E-05    6.78E-05    6.78E-05    6.78E-05    6.78E-05    6.78E-05    6.78E-05    6.78E-05
163    6.94E-05    6.94E-05    6.94E-05    6.94E-05    6.94E-05    6.94E-05    6.94E-05    6.94E-05
164    7.11E-05    7.11E-05    7.11E-05    7.11E-05    7.11E-05    7.11E-05    7.11E-05    7.11E-05
165    7.28E-05    7.28E-05    7.28E-05    7.28E-05    7.28E-05    7.28E-05    7.28E-05    7.28E-05
166    7.46E-05    7.46E-05    7.46E-05    7.46E-05    7.46E-05    7.46E-05    7.46E-05    7.46E-05
167    7.64E-05    7.64E-05    7.64E-05    7.64E-05    7.64E-05    7.64E-05    7.64E-05    7.64E-05
168    7.83E-05    7.83E-05    7.83E-05    7.83E-05    7.83E-05    7.83E-05    7.83E-05    7.83E-05
169    8.02E-05    8.02E-05    8.02E-05    8.02E-05    8.02E-05    8.02E-05    8.02E-05    8.02E-05
170    8.21E-05    8.21E-05    8.21E-05    8.21E-05    8.21E-05    8.21E-05    8.21E-05    8.21E-05
171    8.41E-05    8.41E-05    8.41E-05    8.41E-05    8.41E-05    8.41E-05    8.41E-05    8.41E-05
172    8.62E-05    8.62E-05    8.62E-05    8.62E-05    8.62E-05    8.62E-05    8.62E-05    8.62E-05
173    8.83E-05    8.83E-05    8.83E-05    8.83E-05    8.83E-05    8.83E-05    8.83E-05    8.83E-05
174    9.04E-05    9.04E-05    9.04E-05    9.04E-05    9.04E-05    9.04E-05    9.04E-05    9.04E-05
175    9.26E-05    9.26E-05    9.26E-05    9.26E-05    9.26E-05    9.26E-05    9.26E-05    9.26E-05
176    9.49E-05    9.49E-05    9.49E-05    9.49E-05    9.49E-05    9.49E-05    9.49E-05    9.49E-05
177    9.72E-05    9.72E-05    9.72E-05    9.72E-05    9.72E-05    9.72E-05    9.72E-05    9.72E-05
178    9.95E-05    9.95E-05    9.95E-05    9.95E-05    9.95E-05    9.95E-05    9.95E-05    9.95E-05
179    0.000101933    0.000101933    0.000101933    0.000101933    0.000101933    0.000101933    0.000101933    0.000101933
180    0.000104409    0.000104409    0.000104409    0.000104409    0.000104409    0.000104409    0.000104409    0.000104409
181    0.000106945    0.000106945    0.000106945    0.000106945    0.000106945    0.000106945    0.000106945    0.000106945
182    0.000109543    0.000109543    0.000109543    0.000109543    0.000109543    0.000109543    0.000109543    0.000109543
183    0.000112204    0.000112204    0.000112204    0.000112204    0.000112204    0.000112204    0.000112204    0.000112204
184    0.000114929    0.000114929    0.000114929    0.000114929    0.000114929    0.000114929    0.000114929    0.000114929
185    0.000117721    0.000117721    0.000117721    0.000117721    0.000117721    0.000117721    0.000117721    0.000117721
186    0.00012058    0.00012058    0.00012058    0.00012058    0.00012058    0.00012058    0.00012058    0.00012058
187    0.000123509    0.000123509    0.000123509    0.000123509    0.000123509    0.000123509    0.000123509    0.000123509
188    0.000126509    0.000126509    0.000126509    0.000126509    0.000126509    0.000126509    0.000126509    0.000126509
189    0.000129582    0.000129582    0.000129582    0.000129582    0.000129582    0.000129582    0.000129582    0.000129582
190    0.00013273    0.00013273    0.00013273    0.00013273    0.00013273    0.00013273    0.00013273    0.00013273
191    0.000135954    0.000135954    0.000135954    0.000135954    0.000135954    0.000135954    0.000135954    0.000135954
192    0.000139256    0.000139256    0.000139256    0.000139256    0.000139256    0.000139256    0.000139256    0.000139256
193    0.000142639    0.000142639    0.000142639    0.000142639    0.000142639    0.000142639    0.000142639    0.000142639
194    0.000146104    0.000146104    0.000146104    0.000146104    0.000146104    0.000146104    0.000146104    0.000146104
195    0.000149653    0.000149653    0.000149653    0.000149653    0.000149653    0.000149653    0.000149653    0.000149653
196    0.000153288    0.000153288    0.000153288    0.000153288    0.000153288    0.000153288    0.000153288    0.000153288
197    0.000157011    0.000157011    0.000157011    0.000157011    0.000157011    0.000157011    0.000157011    0.000157011
198    0.000160825    0.000160825    0.000160825    0.000160825    0.000160825    0.000160825    0.000160825    0.000160825
199    0.000164732    0.000164732    0.000164732    0.000164732    0.000164732    0.000164732    0.000164732    0.000164732
200    0.000168733    0.000168733    0.000168733    0.000168733    0.000168733    0.000168733    0.000168733    0.000168733
201    0.000172832    0.000172832    0.000172832    0.000172832    0.000172832    0.000172832    0.000172832    0.000172832
202    0.00017703    0.00017703    0.00017703    0.00017703    0.00017703    0.00017703    0.00017703    0.00017703
203    0.00018133    0.00018133    0.00018133    0.00018133    0.00018133    0.00018133    0.00018133    0.00018133
204    0.000185734    0.000185734    0.000185734    0.000185734    0.000185734    0.000185734    0.000185734    0.000185734
205    0.000190246    0.000190246    0.000190246    0.000190246    0.000190246    0.000190246    0.000190246    0.000190246
206    1.30E-99    1.30E-99    1.30E-99    1.30E-99    1.30E-99    1.30E-99    1.30E-99    1.30E-99
207    1.47E-97    1.47E-97    1.47E-97    1.47E-97    1.47E-97    1.47E-97    1.47E-97    1.47E-97
208    1.59E-95    1.59E-95    1.59E-95    1.59E-95    1.59E-95    1.59E-95    1.59E-95    1.59E-95
209    1.62E-93    1.62E-93    1.62E-93    1.62E-93    1.62E-93    1.62E-93    1.62E-93    1.62E-93
210    1.57E-91    1.57E-91    1.57E-91    1.57E-91    1.57E-91    1.57E-91    1.57E-91    1.57E-91
211    1.45E-89    1.45E-89    1.45E-89    1.45E-89    1.45E-89    1.45E-89    1.45E-89    1.45E-89
212    1.27E-87    1.27E-87    1.27E-87    1.27E-87    1.27E-87    1.27E-87    1.27E-87    1.27E-87
213    1.06E-85    1.06E-85    1.06E-85    1.06E-85    1.06E-85    1.06E-85    1.06E-85    1.06E-85
214    8.35E-84    8.35E-84    8.35E-84    8.35E-84    8.35E-84    8.35E-84    8.35E-84    8.35E-84
215    6.27E-82    6.27E-82    6.27E-82    6.27E-82    6.27E-82    6.27E-82    6.27E-82    6.27E-82
216    4.48E-80    4.48E-80    4.48E-80    4.48E-80    4.48E-80    4.48E-80    4.48E-80    4.48E-80
217    3.04E-78    3.04E-78    3.04E-78    3.04E-78    3.04E-78    3.04E-78    3.04E-78    3.04E-78
218    1.95E-76    1.95E-76    1.95E-76    1.95E-76    1.95E-76    1.95E-76    1.95E-76    1.95E-76
219    1.20E-74    1.20E-74    1.20E-74    1.20E-74    1.20E-74    1.20E-74    1.20E-74    1.20E-74
220    6.95E-73    6.95E-73    6.95E-73    6.95E-73    6.95E-73    6.95E-73    6.95E-73    6.95E-73
221    3.84E-71    3.84E-71    3.84E-71    3.84E-71    3.84E-71    3.84E-71    3.84E-71    3.84E-71
222    2.01E-69    2.01E-69    2.01E-69    2.01E-69    2.01E-69    2.01E-69    2.01E-69    2.01E-69
223    1.00E-67    1.00E-67    1.00E-67    1.00E-67    1.00E-67    1.00E-67    1.00E-67    1.00E-67
224    4.75E-66    4.75E-66    4.75E-66    4.75E-66    4.75E-66    4.75E-66    4.75E-66    4.75E-66
225    2.14E-64    2.14E-64    2.14E-64    2.14E-64    2.14E-64    2.14E-64    2.14E-64    2.14E-64
226    9.14E-63    9.14E-63    9.14E-63    9.14E-63    9.14E-63    9.14E-63    9.14E-63    9.14E-63
227    3.71E-61    3.71E-61    3.71E-61    3.71E-61    3.71E-61    3.71E-61    3.71E-61    3.71E-61
228    1.43E-59    1.43E-59    1.43E-59    1.43E-59    1.43E-59    1.43E-59    1.43E-59    1.43E-59
229    5.25E-58    5.25E-58    5.25E-58    5.25E-58    5.25E-58    5.25E-58    5.25E-58    5.25E-58
230    1.83E-56    1.83E-56    1.83E-56    1.83E-56    1.83E-56    1.83E-56    1.83E-56    1.83E-56
231    6.04E-55    6.04E-55    6.04E-55    6.04E-55    6.04E-55    6.04E-55    6.04E-55    6.04E-55
232    1.90E-53    1.90E-53    1.90E-53    1.90E-53    1.90E-53    1.90E-53    1.90E-53    1.90E-53
233    5.67E-52    5.67E-52    5.67E-52    5.67E-52    5.67E-52    5.67E-52    5.67E-52    5.67E-52
234    1.61E-50    1.61E-50    1.61E-50    1.61E-50    1.61E-50    1.61E-50    1.61E-50    1.61E-50
235    4.33E-49    4.33E-49    4.33E-49    4.33E-49    4.33E-49    4.33E-49    4.33E-49    4.33E-49
236    1.11E-47    1.11E-47    1.11E-47    1.11E-47    1.11E-47    1.11E-47    1.11E-47    1.11E-47
237    2.69E-46    2.69E-46    2.69E-46    2.69E-46    2.69E-46    2.69E-46    2.69E-46    2.69E-46
238    6.22E-45    6.22E-45    6.22E-45    6.22E-45    6.22E-45    6.22E-45    6.22E-45    6.22E-45
239    1.37E-43    1.37E-43    1.37E-43    1.37E-43    1.37E-43    1.37E-43    1.37E-43    1.37E-43
240    2.85E-42    2.85E-42    2.85E-42    2.85E-42    2.85E-42    2.85E-42    2.85E-42    2.85E-42
241    5.64E-41    5.64E-41    5.64E-41    5.64E-41    5.64E-41    5.64E-41    5.64E-41    5.64E-41
242    1.06E-39    1.06E-39    1.06E-39    1.06E-39    1.06E-39    1.06E-39    1.06E-39    1.06E-39
243    1.90E-38    1.90E-38    1.90E-38    1.90E-38    1.90E-38    1.90E-38    1.90E-38    1.90E-38
244    3.22E-37    3.22E-37    3.22E-37    3.22E-37    3.22E-37    3.22E-37    3.22E-37    3.22E-37
245    5.20E-36    5.20E-36    5.20E-36    5.20E-36    5.20E-36    5.20E-36    5.20E-36    5.20E-36
246    7.97E-35    7.97E-35    7.97E-35    7.97E-35    7.97E-35    7.97E-35    7.97E-35    7.97E-35
247    1.16E-33    1.16E-33    1.16E-33    1.16E-33    1.16E-33    1.16E-33    1.16E-33    1.16E-33
248    1.61E-32    1.61E-32    1.61E-32    1.61E-32    1.61E-32    1.61E-32    1.61E-32    1.61E-32
249    2.11E-31    2.11E-31    2.11E-31    2.11E-31    2.11E-31    2.11E-31    2.11E-31    2.11E-31
250    2.64E-30    2.64E-30    2.64E-30    2.64E-30    2.64E-30    2.64E-30    2.64E-30    2.64E-30
251    3.13E-29    3.13E-29    3.13E-29    3.13E-29    3.13E-29    3.13E-29    3.13E-29    3.13E-29
252    3.53E-28    3.53E-28    3.53E-28    3.53E-28    3.53E-28    3.53E-28    3.53E-28    3.53E-28
253    3.78E-27    3.78E-27    3.78E-27    3.78E-27    3.78E-27    3.78E-27    3.78E-27    3.78E-27
254    3.84E-26    3.84E-26    3.84E-26    3.84E-26    3.84E-26    3.84E-26    3.84E-26    3.84E-26
255    3.71E-25    3.71E-25    3.71E-25    3.71E-25    3.71E-25    3.71E-25    3.71E-25    3.71E-25
256    3.41E-24    3.41E-24    3.41E-24    3.41E-24    3.41E-24    3.41E-24    3.41E-24    3.41E-24
257    2.97E-23    2.97E-23    2.97E-23    2.97E-23    2.97E-23    2.97E-23    2.97E-23    2.97E-23
258    2.46E-22    2.46E-22    2.46E-22    2.46E-22    2.46E-22    2.46E-22    2.46E-22    2.46E-22
259    1.94E-21    1.94E-21    1.94E-21    1.94E-21    1.94E-21    1.94E-21    1.94E-21    1.94E-21
260    1.45E-20    1.45E-20    1.45E-20    1.45E-20    1.45E-20    1.45E-20    1.45E-20    1.45E-20
261    1.03E-19    1.03E-19    1.03E-19    1.03E-19    1.03E-19    1.03E-19    1.03E-19    1.03E-19
262    6.96E-19    6.96E-19    6.96E-19    6.96E-19    6.96E-19    6.96E-19    6.96E-19    6.96E-19
263    4.46E-18    4.46E-18    4.46E-18    4.46E-18    4.46E-18    4.46E-18    4.46E-18    4.46E-18
264    2.72E-17    2.72E-17    2.72E-17    2.72E-17    2.72E-17    2.72E-17    2.72E-17    2.72E-17
265    1.57E-16    1.57E-16    1.57E-16    1.57E-16    1.57E-16    1.57E-16    1.57E-16    1.57E-16
266    8.65E-16    8.65E-16    8.65E-16    8.65E-16    8.65E-16    8.65E-16    8.65E-16    8.65E-16
267    4.52E-15    4.52E-15    4.52E-15    4.52E-15    4.52E-15    4.52E-15    4.52E-15    4.52E-15
268    2.24E-14    2.24E-14    2.24E-14    2.24E-14    2.24E-14    2.24E-14    2.24E-14    2.24E-14
269    1.06E-13    1.06E-13    1.06E-13    1.06E-13    1.06E-13    1.06E-13    1.06E-13    1.06E-13
270    4.74E-13    4.74E-13    4.74E-13    4.74E-13    4.74E-13    4.74E-13    4.74E-13    4.74E-13
271    2.02E-12    2.02E-12    2.02E-12    2.02E-12    2.02E-12    2.02E-12    2.02E-12    2.02E-12
272    8.15E-12    8.15E-12    8.15E-12    8.15E-12    8.15E-12    8.15E-12    8.15E-12    8.15E-12
273    3.13E-11    3.13E-11    3.13E-11    3.13E-11    3.13E-11    3.13E-11    3.13E-11    3.13E-11
274    1.14E-10    1.14E-10    1.14E-10    1.14E-10    1.14E-10    1.14E-10    1.14E-10    1.14E-10
275    3.96E-10    3.96E-10    3.96E-10    3.96E-10    3.96E-10    3.96E-10    3.96E-10    3.96E-10
276    1.30E-09    1.30E-09    1.30E-09    1.30E-09    1.30E-09    1.30E-09    1.30E-09    1.30E-09
277    4.08E-09    4.08E-09    4.08E-09    4.08E-09    4.08E-09    4.08E-09    4.08E-09    4.08E-09
278    1.21E-08    1.21E-08    1.21E-08    1.21E-08    1.21E-08    1.21E-08    1.21E-08    1.21E-08
279    3.42E-08    3.42E-08    3.42E-08    3.42E-08    3.42E-08    3.42E-08    3.42E-08    3.42E-08
280    9.19E-08    9.19E-08    9.19E-08    9.19E-08    9.19E-08    9.19E-08    9.19E-08    9.19E-08
281    2.34E-07    2.34E-07    2.34E-07    2.34E-07    2.34E-07    2.34E-07    2.34E-07    2.34E-07
282    5.67E-07    5.67E-07    5.67E-07    5.67E-07    5.67E-07    5.67E-07    5.67E-07    5.67E-07
283    1.30E-06    1.30E-06    1.30E-06    1.30E-06    1.30E-06    1.30E-06    1.30E-06    1.30E-06
284    2.85E-06    2.85E-06    2.85E-06    2.85E-06    2.85E-06    2.85E-06    2.85E-06    2.85E-06
285    5.92E-06    5.92E-06    5.92E-06    5.92E-06    5.92E-06    5.92E-06    5.92E-06    5.92E-06
286    1.17E-05    1.17E-05    1.17E-05    1.17E-05    1.17E-05    1.17E-05    1.17E-05    1.17E-05
287    2.19E-05    2.19E-05    2.19E-05    2.19E-05    2.19E-05    2.19E-05    2.19E-05    2.19E-05
288    3.89E-05    3.89E-05    3.89E-05    3.89E-05    3.89E-05    3.89E-05    3.89E-05    3.89E-05
289    6.58E-05    6.58E-05    6.58E-05    6.58E-05    6.58E-05    6.58E-05    6.58E-05    6.58E-05
290    0.000105769    0.000105769    0.000105769    0.000105769    0.000105769    0.000105769    0.000105769    0.000105769
291    0.000161447    0.000161447    0.000161447    0.000161447    0.000161447    0.000161447    0.000161447    0.000161447
292    0.000234122    0.000234122    0.000234122    0.000234122    0.000234122    0.000234122    0.000234122    0.000234122
293    0.000322544    0.000322544    0.000322544    0.000322544    0.000322544    0.000322544    0.000322544    0.000322544
294    0.000422156    0.000422156    0.000422156    0.000422156    0.000422156    0.000422156    0.000422156    0.000422156
295    0.00052492    0.00052492    0.00052492    0.00052492    0.00052492    0.00052492    0.00052492    0.00052492
296    0.000620083    0.000620083    0.000620083    0.000620083    0.000620083    0.000620083    0.000620083    0.000620083
297    0.000695894    0.000695894    0.000695894    0.000695894    0.000695894    0.000695894    0.000695894    0.000695894
298    0.000741946    0.000741946    0.000741946    0.000741946    0.000741946    0.000741946    0.000741946    0.000741946
299    0.000751516    0.000751516    0.000751516    0.000751516    0.000751516    0.000751516    0.000751516    0.000751516
300    0.000723171    0.000723171    0.000723171    0.000723171    0.000723171    0.000723171    0.000723171    0.000723171
301    0.000661119    0.000661119    0.000661119    0.000661119    0.000661119    0.000661119    0.000661119    0.000661119
302    0.000574189    0.000574189    0.000574189    0.000574189    0.000574189    0.000574189    0.000574189    0.000574189
303    0.000473769    0.000473769    0.000473769    0.000473769    0.000473769    0.000473769    0.000473769    0.000473769
304    0.000371376    0.000371376    0.000371376    0.000371376    0.000371376    0.000371376    0.000371376    0.000371376
305    0.000276566    0.000276566    0.000276566    0.000276566    0.000276566    0.000276566    0.000276566    0.000276566
306    1.30E-99    1.30E-99    1.30E-99    1.30E-99    1.30E-99    1.30E-99    1.30E-99    1.30E-99
307    1.47E-97    1.47E-97    1.47E-97    1.47E-97    1.47E-97    1.47E-97    1.47E-97    1.47E-97
308    1.59E-95    1.59E-95    1.59E-95    1.59E-95    1.59E-95    1.59E-95    1.59E-95    1.59E-95
309    1.62E-93    1.62E-93    1.62E-93    1.62E-93    1.62E-93    1.62E-93    1.62E-93    1.62E-93
310    1.57E-91    1.57E-91    1.57E-91    1.57E-91    1.57E-91    1.57E-91    1.57E-91    1.57E-91
311    1.45E-89    1.45E-89    1.45E-89    1.45E-89    1.45E-89    1.45E-89    1.45E-89    1.45E-89
312    1.27E-87    1.27E-87    1.27E-87    1.27E-87    1.27E-87    1.27E-87    1.27E-87    1.27E-87
313    1.06E-85    1.06E-85    1.06E-85    1.06E-85    1.06E-85    1.06E-85    1.06E-85    1.06E-85
314    8.35E-84    8.35E-84    8.35E-84    8.35E-84    8.35E-84    8.35E-84    8.35E-84    8.35E-84
315    6.27E-82    6.27E-82    6.27E-82    6.27E-82    6.27E-82    6.27E-82    6.27E-82    6.27E-82
316    4.48E-80    4.48E-80    4.48E-80    4.48E-80    4.48E-80    4.48E-80    4.48E-80    4.48E-80
317    3.04E-78    3.04E-78    3.04E-78    3.04E-78    3.04E-78    3.04E-78    3.04E-78    3.04E-78
318    1.95E-76    1.95E-76    1.95E-76    1.95E-76    1.95E-76    1.95E-76    1.95E-76    1.95E-76
319    1.20E-74    1.20E-74    1.20E-74    1.20E-74    1.20E-74    1.20E-74    1.20E-74    1.20E-74
320    6.95E-73    6.95E-73    6.95E-73    6.95E-73    6.95E-73    6.95E-73    6.95E-73    6.95E-73
321    3.84E-71    3.84E-71    3.84E-71    3.84E-71    3.84E-71    3.84E-71    3.84E-71    3.84E-71
322    2.01E-69    2.01E-69    2.01E-69    2.01E-69    2.01E-69    2.01E-69    2.01E-69    2.01E-69
323    1.00E-67    1.00E-67    1.00E-67    1.00E-67    1.00E-67    1.00E-67    1.00E-67    1.00E-67
324    4.75E-66    4.75E-66    4.75E-66    4.75E-66    4.75E-66    4.75E-66    4.75E-66    4.75E-66
325    2.14E-64    2.14E-64    2.14E-64    2.14E-64    2.14E-64    2.14E-64    2.14E-64    2.14E-64
326    9.14E-63    9.14E-63    9.14E-63    9.14E-63    9.14E-63    9.14E-63    9.14E-63    9.14E-63
327    3.71E-61    3.71E-61    3.71E-61    3.71E-61    3.71E-61    3.71E-61    3.71E-61    3.71E-61
328    1.43E-59    1.43E-59    1.43E-59    1.43E-59    1.43E-59    1.43E-59    1.43E-59    1.43E-59
329    5.25E-58    5.25E-58    5.25E-58    5.25E-58    5.25E-58    5.25E-58    5.25E-58    5.25E-58
330    1.83E-56    1.83E-56    1.83E-56    1.83E-56    1.83E-56    1.83E-56    1.83E-56    1.83E-56
331    6.04E-55    6.04E-55    6.04E-55    6.04E-55    6.04E-55    6.04E-55    6.04E-55    6.04E-55
332    1.90E-53    1.90E-53    1.90E-53    1.90E-53    1.90E-53    1.90E-53    1.90E-53    1.90E-53
333    5.67E-52    5.67E-52    5.67E-52    5.67E-52    5.67E-52    5.67E-52    5.67E-52    5.67E-52
334    1.61E-50    1.61E-50    1.61E-50    1.61E-50    1.61E-50    1.61E-50    1.61E-50    1.61E-50
335    4.33E-49    4.33E-49    4.33E-49    4.33E-49    4.33E-49    4.33E-49    4.33E-49    4.33E-49
336    1.11E-47    1.11E-47    1.11E-47    1.11E-47    1.11E-47    1.11E-47    1.11E-47    1.11E-47
337    2.69E-46    2.69E-46    2.69E-46    2.69E-46    2.69E-46    2.69E-46    2.69E-46    2.69E-46
338    6.22E-45    6.22E-45    6.22E-45    6.22E-45    6.22E-45    6.22E-45    6.22E-45    6.22E-45
339    1.37E-43    1.37E-43    1.37E-43    1.37E-43    1.37E-43    1.37E-43    1.37E-43    1.37E-43
340    2.85E-42    2.85E-42    2.85E-42    2.85E-42    2.85E-42    2.85E-42    2.85E-42    2.85E-42
341    5.64E-41    5.64E-41    5.64E-41    5.64E-41    5.64E-41    5.64E-41    5.64E-41    5.64E-41
342    1.06E-39    1.06E-39    1.06E-39    1.06E-39    1.06E-39    1.06E-39    1.06E-39    1.06E-39
343    1.90E-38    1.90E-38    1.90E-38    1.90E-38    1.90E-38    1.90E-38    1.90E-38    1.90E-38
344    3.22E-37    3.22E-37    3.22E-37    3.22E-37    3.22E-37    3.22E-37    3.22E-37    3.22E-37
345    5.20E-36    5.20E-36    5.20E-36    5.20E-36    5.20E-36    5.20E-36    5.20E-36    5.20E-36
346    7.97E-35    7.97E-35    7.97E-35    7.97E-35    7.97E-35    7.97E-35    7.97E-35    7.97E-35
347    1.16E-33    1.16E-33    1.16E-33    1.16E-33    1.16E-33    1.16E-33    1.16E-33    1.16E-33
348    1.61E-32    1.61E-32    1.61E-32    1.61E-32    1.61E-32    1.61E-32    1.61E-32    1.61E-32
349    2.11E-31    2.11E-31    2.11E-31    2.11E-31    2.11E-31    2.11E-31    2.11E-31    2.11E-31
350    2.64E-30    2.64E-30    2.64E-30    2.64E-30    2.64E-30    2.64E-30    2.64E-30    2.64E-30
351    3.13E-29    3.13E-29    3.13E-29    3.13E-29    3.13E-29    3.13E-29    3.13E-29    3.13E-29
352    3.53E-28    3.53E-28    3.53E-28    3.53E-28    3.53E-28    3.53E-28    3.53E-28    3.53E-28
353    3.78E-27    3.78E-27    3.78E-27    3.78E-27    3.78E-27    3.78E-27    3.78E-27    3.78E-27
354    3.84E-26    3.84E-26    3.84E-26    3.84E-26    3.84E-26    3.84E-26    3.84E-26    3.84E-26
355    3.71E-25    3.71E-25    3.71E-25    3.71E-25    3.71E-25    3.71E-25    3.71E-25    3.71E-25
356    3.41E-24    3.41E-24    3.41E-24    3.41E-24    3.41E-24    3.41E-24    3.41E-24    3.41E-24
357    2.97E-23    2.97E-23    2.97E-23    2.97E-23    2.97E-23    2.97E-23    2.97E-23    2.97E-23
358    2.46E-22    2.46E-22    2.46E-22    2.46E-22    2.46E-22    2.46E-22    2.46E-22    2.46E-22
359    1.94E-21    1.94E-21    1.94E-21    1.94E-21    1.94E-21    1.94E-21    1.94E-21    1.94E-21
360    1.45E-20    1.45E-20    1.45E-20    1.45E-20    1.45E-20    1.45E-20    1.45E-20    1.45E-20
361    1.03E-19    1.03E-19    1.03E-19    1.03E-19    1.03E-19    1.03E-19    1.03E-19    1.03E-19
362    6.96E-19    6.96E-19    6.96E-19    6.96E-19    6.96E-19    6.96E-19    6.96E-19    6.96E-19
363    4.46E-18    4.46E-18    4.46E-18    4.46E-18    4.46E-18    4.46E-18    4.46E-18    4.46E-18
364    2.72E-17    2.72E-17    2.72E-17    2.72E-17    2.72E-17    2.72E-17    2.72E-17    2.72E-17
365    1.57E-16    1.57E-16    1.57E-16    1.57E-16    1.57E-16    1.57E-16    1.57E-16    1.57E-16
366    8.65E-16    8.65E-16    8.65E-16    8.65E-16    8.65E-16    8.65E-16    8.65E-16    8.65E-16
367    4.52E-15    4.52E-15    4.52E-15    4.52E-15    4.52E-15    4.52E-15    4.52E-15    4.52E-15
368    2.24E-14    2.24E-14    2.24E-14    2.24E-14    2.24E-14    2.24E-14    2.24E-14    2.24E-14
369    1.06E-13    1.06E-13    1.06E-13    1.06E-13    1.06E-13    1.06E-13    1.06E-13    1.06E-13
370    4.74E-13    4.74E-13    4.74E-13    4.74E-13    4.74E-13    4.74E-13    4.74E-13    4.74E-13
371    2.02E-12    2.02E-12    2.02E-12    2.02E-12    2.02E-12    2.02E-12    2.02E-12    2.02E-12
372    8.15E-12    8.15E-12    8.15E-12    8.15E-12    8.15E-12    8.15E-12    8.15E-12    8.15E-12
373    3.13E-11    3.13E-11    3.13E-11    3.13E-11    3.13E-11    3.13E-11    3.13E-11    3.13E-11
374    1.14E-10    1.14E-10    1.14E-10    1.14E-10    1.14E-10    1.14E-10    1.14E-10    1.14E-10
375    3.96E-10    3.96E-10    3.96E-10    3.96E-10    3.96E-10    3.96E-10    3.96E-10    3.96E-10
376    1.30E-09    1.30E-09    1.30E-09    1.30E-09    1.30E-09    1.30E-09    1.30E-09    1.30E-09
377    4.08E-09    4.08E-09    4.08E-09    4.08E-09    4.08E-09    4.08E-09    4.08E-09    4.08E-09
378    1.21E-08    1.21E-08    1.21E-08    1.21E-08    1.21E-08    1.21E-08    1.21E-08    1.21E-08
379    3.42E-08    3.42E-08    3.42E-08    3.42E-08    3.42E-08    3.42E-08    3.42E-08    3.42E-08
380    9.19E-08    9.19E-08    9.19E-08    9.19E-08    9.19E-08    9.19E-08    9.19E-08    9.19E-08
381    2.34E-07    2.34E-07    2.34E-07    2.34E-07    2.34E-07    2.34E-07    2.34E-07    2.34E-07
382    5.67E-07    5.67E-07    5.67E-07    5.67E-07    5.67E-07    5.67E-07    5.67E-07    5.67E-07
383    1.30E-06    1.30E-06    1.30E-06    1.30E-06    1.30E-06    1.30E-06    1.30E-06    1.30E-06
384    2.85E-06    2.85E-06    2.85E-06    2.85E-06    2.85E-06    2.85E-06    2.85E-06    2.85E-06
385    5.92E-06    5.92E-06    5.92E-06    5.92E-06    5.92E-06    5.92E-06    5.92E-06    5.92E-06
386    1.17E-05    1.17E-05    1.17E-05    1.17E-05    1.17E-05    1.17E-05    1.17E-05    1.17E-05
387    2.19E-05    2.19E-05    2.19E-05    2.19E-05    2.19E-05    2.19E-05    2.19E-05    2.19E-05
388    3.89E-05    3.89E-05    3.89E-05    3.89E-05    3.89E-05    3.89E-05    3.89E-05    3.89E-05
389    6.58E-05    6.58E-05    6.58E-05    6.58E-05    6.58E-05    6.58E-05    6.58E-05    6.58E-05
390    0.000105769    0.000105769    0.000105769    0.000105769    0.000105769    0.000105769    0.000105769    0.000105769
391    0.000161447    0.000161447    0.000161447    0.000161447    0.000161447    0.000161447    0.000161447    0.000161447
392    0.000234122    0.000234122    0.000234122    0.000234122    0.000234122    0.000234122    0.000234122    0.000234122
393    0.000322544    0.000322544    0.000322544    0.000322544    0.000322544    0.000322544    0.000322544    0.000322544
394    0.000422156    0.000422156    0.000422156    0.000422156    0.000422156    0.000422156    0.000422156    0.000422156
395    0.00052492    0.00052492    0.00052492    0.00052492    0.00052492    0.00052492    0.00052492    0.00052492
396    0.000620083    0.000620083    0.000620083    0.000620083    0.000620083    0.000620083    0.000620083    0.000620083
397    0.000695894    0.000695894    0.000695894    0.000695894    0.000695894    0.000695894    0.000695894    0.000695894
398    0.000741946    0.000741946    0.000741946    0.000741946    0.000741946    0.000741946    0.000741946    0.000741946
399    0.000751516    0.000751516    0.000751516    0.000751516    0.000751516    0.000751516    0.000751516    0.000751516
400    0.000723171    0.000723171    0.000723171    0.000723171    0.000723171    0.000723171    0.000723171    0.000723171
401    0.000661119    0.000661119    0.000661119    0.000661119    0.000661119    0.000661119    0.000661119    0.000661119
402    0.000574189    0.000574189    0.000574189    0.000574189    0.000574189    0.000574189    0.000574189    0.000574189
403    0.000473769    0.000473769    0.000473769    0.000473769    0.000473769    0.000473769    0.000473769    0.000473769
404    0.000371376    0.000371376    0.000371376    0.000371376    0.000371376    0.000371376    0.000371376    0.000371376
405    0.000276566    0.000276566    0.000276566    0.000276566    0.000276566    0.000276566    0.000276566    0.000276566
406    1.77E-05    1.77E-05    1.77E-05    1.77E-05    1.77E-05    1.77E-05    1.77E-05    1.77E-05
407    1.81E-05    1.81E-05    1.81E-05    1.81E-05    1.81E-05    1.81E-05    1.81E-05    1.81E-05
408    1.85E-05    1.85E-05    1.85E-05    1.85E-05    1.85E-05    1.85E-05    1.85E-05    1.85E-05
409    1.90E-05    1.90E-05    1.90E-05    1.90E-05    1.90E-05    1.90E-05    1.90E-05    1.90E-05
410    1.95E-05    1.95E-05    1.95E-05    1.95E-05    1.95E-05    1.95E-05    1.95E-05    1.95E-05
411    1.99E-05    1.99E-05    1.99E-05    1.99E-05    1.99E-05    1.99E-05    1.99E-05    1.99E-05
412    2.04E-05    2.04E-05    2.04E-05    2.04E-05    2.04E-05    2.04E-05    2.04E-05    2.04E-05
413    2.09E-05    2.09E-05    2.09E-05    2.09E-05    2.09E-05    2.09E-05    2.09E-05    2.09E-05
414    2.14E-05    2.14E-05    2.14E-05    2.14E-05    2.14E-05    2.14E-05    2.14E-05    2.14E-05
415    2.19E-05    2.19E-05    2.19E-05    2.19E-05    2.19E-05    2.19E-05    2.19E-05    2.19E-05
416    2.25E-05    2.25E-05    2.25E-05    2.25E-05    2.25E-05    2.25E-05    2.25E-05    2.25E-05
417    2.30E-05    2.30E-05    2.30E-05    2.30E-05    2.30E-05    2.30E-05    2.30E-05    2.30E-05
418    2.36E-05    2.36E-05    2.36E-05    2.36E-05    2.36E-05    2.36E-05    2.36E-05    2.36E-05
419    2.42E-05    2.42E-05    2.42E-05    2.42E-05    2.42E-05    2.42E-05    2.42E-05    2.42E-05
420    2.47E-05    2.47E-05    2.47E-05    2.47E-05    2.47E-05    2.47E-05    2.47E-05    2.47E-05
421    2.53E-05    2.53E-05    2.53E-05    2.53E-05    2.53E-05    2.53E-05    2.53E-05    2.53E-05
422    2.60E-05    2.60E-05    2.60E-05    2.60E-05    2.60E-05    2.60E-05    2.60E-05    2.60E-05
423    2.66E-05    2.66E-05    2.66E-05    2.66E-05    2.66E-05    2.66E-05    2.66E-05    2.66E-05
424    2.72E-05    2.72E-05    2.72E-05    2.72E-05    2.72E-05    2.72E-05    2.72E-05    2.72E-05
425    2.79E-05    2.79E-05    2.79E-05    2.79E-05    2.79E-05    2.79E-05    2.79E-05    2.79E-05
426    2.86E-05    2.86E-05    2.86E-05    2.86E-05    2.86E-05    2.86E-05    2.86E-05    2.86E-05
427    2.93E-05    2.93E-05    2.93E-05    2.93E-05    2.93E-05    2.93E-05    2.93E-05    2.93E-05
428    3.00E-05    3.00E-05    3.00E-05    3.00E-05    3.00E-05    3.00E-05    3.00E-05    3.00E-05
429    3.07E-05    3.07E-05    3.07E-05    3.07E-05    3.07E-05    3.07E-05    3.07E-05    3.07E-05
430    3.14E-05    3.14E-05    3.14E-05    3.14E-05    3.14E-05    3.14E-05    3.14E-05    3.14E-05
431    3.22E-05    3.22E-05    3.22E-05    3.22E-05    3.22E-05    3.22E-05    3.22E-05    3.22E-05
432    3.30E-05    3.30E-05    3.30E-05    3.30E-05    3.30E-05    3.30E-05    3.30E-05    3.30E-05
433    3.38E-05    3.38E-05    3.38E-05    3.38E-05    3.38E-05    3.38E-05    3.38E-05    3.38E-05
434    3.46E-05    3.46E-05    3.46E-05    3.46E-05    3.46E-05    3.46E-05    3.46E-05    3.46E-05
435    3.55E-05    3.55E-05    3.55E-05    3.55E-05    3.55E-05    3.55E-05    3.55E-05    3.55E-05
436    3.63E-05    3.63E-05    3.63E-05    3.63E-05    3.63E-05    3.63E-05    3.63E-05    3.63E-05
437    3.72E-05    3.72E-05    3.72E-05    3.72E-05    3.72E-05    3.72E-05    3.72E-05    3.72E-05
438    3.81E-05    3.81E-05    3.81E-05    3.81E-05    3.81E-05    3.81E-05    3.81E-05    3.81E-05
439    3.90E-05    3.90E-05    3.90E-05    3.90E-05    3.90E-05    3.90E-05    3.90E-05    3.90E-05
440    4.00E-05    4.00E-05    4.00E-05    4.00E-05    4.00E-05    4.00E-05    4.00E-05    4.00E-05
441    4.09E-05    4.09E-05    4.09E-05    4.09E-05    4.09E-05    4.09E-05    4.09E-05    4.09E-05
442    4.19E-05    4.19E-05    4.19E-05    4.19E-05    4.19E-05    4.19E-05    4.19E-05    4.19E-05
443    4.30E-05    4.30E-05    4.30E-05    4.30E-05    4.30E-05    4.30E-05    4.30E-05    4.30E-05
444    4.40E-05    4.40E-05    4.40E-05    4.40E-05    4.40E-05    4.40E-05    4.40E-05    4.40E-05
445    4.51E-05    4.51E-05    4.51E-05    4.51E-05    4.51E-05    4.51E-05    4.51E-05    4.51E-05
446    4.62E-05    4.62E-05    4.62E-05    4.62E-05    4.62E-05    4.62E-05    4.62E-05    4.62E-05
447    4.73E-05    4.73E-05    4.73E-05    4.73E-05    4.73E-05    4.73E-05    4.73E-05    4.73E-05
448    4.84E-05    4.84E-05    4.84E-05    4.84E-05    4.84E-05    4.84E-05    4.84E-05    4.84E-05
449    4.96E-05    4.96E-05    4.96E-05    4.96E-05    4.96E-05    4.96E-05    4.96E-05    4.96E-05
450    5.08E-05    5.08E-05    5.08E-05    5.08E-05    5.08E-05    5.08E-05    5.08E-05    5.08E-05
451    5.21E-05    5.21E-05    5.21E-05    5.21E-05    5.21E-05    5.21E-05    5.21E-05    5.21E-05
452    5.33E-05    5.33E-05    5.33E-05    5.33E-05    5.33E-05    5.33E-05    5.33E-05    5.33E-05
453    5.46E-05    5.46E-05    5.46E-05    5.46E-05    5.46E-05    5.46E-05    5.46E-05    5.46E-05
454    5.59E-05    5.59E-05    5.59E-05    5.59E-05    5.59E-05    5.59E-05    5.59E-05    5.59E-05
455    5.73E-05    5.73E-05    5.73E-05    5.73E-05    5.73E-05    5.73E-05    5.73E-05    5.73E-05
456    5.87E-05    5.87E-05    5.87E-05    5.87E-05    5.87E-05    5.87E-05    5.87E-05    5.87E-05
457    6.01E-05    6.01E-05    6.01E-05    6.01E-05    6.01E-05    6.01E-05    6.01E-05    6.01E-05
458    6.16E-05    6.16E-05    6.16E-05    6.16E-05    6.16E-05    6.16E-05    6.16E-05    6.16E-05
459    6.31E-05    6.31E-05    6.31E-05    6.31E-05    6.31E-05    6.31E-05    6.31E-05    6.31E-05
460    6.46E-05    6.46E-05    6.46E-05    6.46E-05    6.46E-05    6.46E-05    6.46E-05    6.46E-05
461    6.62E-05    6.62E-05    6.62E-05    6.62E-05    6.62E-05    6.62E-05    6.62E-05    6.62E-05
462    6.78E-05    6.78E-05    6.78E-05    6.78E-05    6.78E-05    6.78E-05    6.78E-05    6.78E-05
463    6.94E-05    6.94E-05    6.94E-05    6.94E-05    6.94E-05    6.94E-05    6.94E-05    6.94E-05
464    7.11E-05    7.11E-05    7.11E-05    7.11E-05    7.11E-05    7.11E-05    7.11E-05    7.11E-05
465    7.28E-05    7.28E-05    7.28E-05    7.28E-05    7.28E-05    7.28E-05    7.28E-05    7.28E-05
466    7.46E-05    7.46E-05    7.46E-05    7.46E-05    7.46E-05    7.46E-05    7.46E-05    7.46E-05
467    7.64E-05    7.64E-05    7.64E-05    7.64E-05    7.64E-05    7.64E-05    7.64E-05    7.64E-05
468    7.83E-05    7.83E-05    7.83E-05    7.83E-05    7.83E-05    7.83E-05    7.83E-05    7.83E-05
469    8.02E-05    8.02E-05    8.02E-05    8.02E-05    8.02E-05    8.02E-05    8.02E-05    8.02E-05
470    8.21E-05    8.21E-05    8.21E-05    8.21E-05    8.21E-05    8.21E-05    8.21E-05    8.21E-05
471    8.41E-05    8.41E-05    8.41E-05    8.41E-05    8.41E-05    8.41E-05    8.41E-05    8.41E-05
472    8.62E-05    8.62E-05    8.62E-05    8.62E-05    8.62E-05    8.62E-05    8.62E-05    8.62E-05
473    8.83E-05    8.83E-05    8.83E-05    8.83E-05    8.83E-05    8.83E-05    8.83E-05    8.83E-05
474    9.04E-05    9.04E-05    9.04E-05    9.04E-05    9.04E-05    9.04E-05    9.04E-05    9.04E-05
475    9.26E-05    9.26E-05    9.26E-05    9.26E-05    9.26E-05    9.26E-05    9.26E-05    9.26E-05
476    9.49E-05    9.49E-05    9.49E-05    9.49E-05    9.49E-05    9.49E-05    9.49E-05    9.49E-05
477    9.72E-05    9.72E-05    9.72E-05    9.72E-05    9.72E-05    9.72E-05    9.72E-05    9.72E-05
478    9.95E-05    9.95E-05    9.95E-05    9.95E-05    9.95E-05    9.95E-05    9.95E-05    9.95E-05
479    0.000101967    0.000101967    0.000101967    0.000101967    0.000101967    0.000101967    0.000101967    0.000101967
480    0.000104501    0.000104501    0.000104501    0.000104501    0.000104501    0.000104501    0.000104501    0.000104501
481    0.000107179    0.000107179    0.000107179    0.000107179    0.000107179    0.000107179    0.000107179    0.000107179
482    0.00011011    0.00011011    0.00011011    0.00011011    0.00011011    0.00011011    0.00011011    0.00011011
483    0.000113508    0.000113508    0.000113508    0.000113508    0.000113508    0.000113508    0.000113508    0.000113508
484    0.000117779    0.000117779    0.000117779    0.000117779    0.000117779    0.000117779    0.000117779    0.000117779
485    0.000123637    0.000123637    0.000123637    0.000123637    0.000123637    0.000123637    0.000123637    0.000123637
486    0.000132249    0.000132249    0.000132249    0.000132249    0.000132249    0.000132249    0.000132249    0.000132249
487    0.000145374    0.000145374    0.000145374    0.000145374    0.000145374    0.000145374    0.000145374    0.000145374
488    0.000165433    0.000165433    0.000165433    0.000165433    0.000165433    0.000165433    0.000165433    0.000165433
489    0.000195412    0.000195412    0.000195412    0.000195412    0.000195412    0.000195412    0.000195412    0.000195412
490    0.000238499    0.000238499    0.000238499    0.000238499    0.000238499    0.000238499    0.000238499    0.000238499
491    0.000297401    0.000297401    0.000297401    0.000297401    0.000297401    0.000297401    0.000297401    0.000297401
492    0.000373378    0.000373378    0.000373378    0.000373378    0.000373378    0.000373378    0.000373378    0.000373378
493    0.000465183    0.000465183    0.000465183    0.000465183    0.000465183    0.000465183    0.000465183    0.000465183
494    0.00056826    0.00056826    0.00056826    0.00056826    0.00056826    0.00056826    0.00056826    0.00056826
495    0.000674573    0.000674573    0.000674573    0.000674573    0.000674573    0.000674573    0.000674573    0.000674573
496    0.000773371    0.000773371    0.000773371    0.000773371    0.000773371    0.000773371    0.000773371    0.000773371
497    0.000852905    0.000852905    0.000852905    0.000852905    0.000852905    0.000852905    0.000852905    0.000852905
498    0.000902772    0.000902772    0.000902772    0.000902772    0.000902772    0.000902772    0.000902772    0.000902772
499    0.000916248    0.000916248    0.000916248    0.000916248    0.000916248    0.000916248    0.000916248    0.000916248
500    0.000891904    0.000891904    0.000891904    0.000891904    0.000891904    0.000891904    0.000891904    0.000891904
501    0.00083395    0.00083395    0.00083395    0.00083395    0.00083395    0.00083395    0.00083395    0.00083395
502    0.000751218    0.000751218    0.000751218    0.000751218    0.000751218    0.000751218    0.000751218    0.000751218
503    0.000655098    0.000655098    0.000655098    0.000655098    0.000655098    0.000655098    0.000655098    0.000655098
504    0.000557111    0.000557111    0.000557111    0.000557111    0.000557111    0.000557111    0.000557111    0.000557111
505    0.000466812    0.000466812    0.000466812    0.000466812    0.000466812    0.000466812    0.000466812    0.000466812
506    6.40E-02    6.49E-02    7.27E-02    6.77E-02    6.40E-02    6.49E-02    7.27E-02    6.77E-02
507    1.08E-01    1.08E-01    1.17E-01    1.11E-01    1.08E-01    1.08E-01    1.17E-01    1.11E-01
508    1.56E-01    1.57E-01    1.70E-01    1.63E-01    1.56E-01    1.57E-01    1.70E-01    1.63E-01
509    1.93E-01    1.96E-01    2.11E-01    2.03E-01    1.93E-01    1.96E-01    2.11E-01    2.03E-01
510    3.10E-01    3.13E-01    3.30E-01    3.15E-01    3.10E-01    3.13E-01    3.30E-01    3.15E-01
511    4.27E-01    4.33E-01    4.45E-01    4.38E-01    4.27E-01    4.33E-01    4.45E-01    4.38E-01
512    4.78E-01    4.89E-01    5.01E-01    4.97E-01    4.78E-01    4.89E-01    5.01E-01    4.97E-01
513    4.92E-01    5.05E-01    5.17E-01    5.14E-01    4.92E-01    5.05E-01    5.17E-01    5.14E-01
514    3.80E-01    3.34E-01    3.20E-01    3.58E-01    3.80E-01    3.34E-01    3.20E-01    3.58E-01
515    3.80E-01    3.34E-01    3.20E-01    3.58E-01    3.80E-01    3.34E-01    3.20E-01    3.58E-01
516    3.80E-01    3.34E-01    3.20E-01    3.58E-01    3.80E-01    3.34E-01    3.20E-01    3.58E-01
517    3.80E-01    3.34E-01    3.20E-01    3.58E-01    3.80E-01    3.34E-01    3.20E-01    3.58E-01
518    3.80E-01    3.34E-01    3.20E-01    3.58E-01    3.80E-01    3.34E-01    3.20E-01    3.58E-01
519    3.80E-01    3.34E-01    3.20E-01    3.57E-01    3.80E-01    3.34E-01    3.20E-01    3.57E-01
520    3.80E-01    3.34E-01    3.20E-01    3.57E-01    3.80E-01    3.34E-01    3.20E-01    3.57E-01
521    3.80E-01    3.34E-01    3.20E-01    3.57E-01    3.80E-01    3.34E-01    3.20E-01    3.57E-01
522    7.33E-02    8.02E-02    8.43E-02    8.12E-02    7.33E-02    8.02E-02    8.43E-02    8.12E-02
523    7.33E-02    8.02E-02    8.43E-02    8.12E-02    7.33E-02    8.02E-02    8.43E-02    8.12E-02
524    7.33E-02    8.02E-02    8.43E-02    8.12E-02    7.33E-02    8.02E-02    8.43E-02    8.12E-02
525    7.33E-02    8.02E-02    8.43E-02    8.12E-02    7.33E-02    8.02E-02    8.43E-02    8.12E-02
526    7.33E-02    8.02E-02    8.43E-02    8.12E-02    7.33E-02    8.02E-02    8.43E-02    8.12E-02
527    7.33E-02    8.02E-02    8.43E-02    8.12E-02    7.33E-02    8.02E-02    8.43E-02    8.12E-02
528    7.33E-02    8.02E-02    8.43E-02    8.12E-02    7.33E-02    8.02E-02    8.43E-02    8.12E-02
529    7.33E-02    8.02E-02    8.43E-02    8.12E-02    7.33E-02    8.02E-02    8.43E-02    8.12E-02
530    5.35E+00    5.23E+00    5.31E+00    5.12E+00    5.35E+00    5.23E+00    5.31E+00    5.12E+00
531    5.35E+00    5.23E+00    5.31E+00    5.12E+00    5.35E+00    5.23E+00    5.31E+00    5.12E+00
532    5.35E+00    5.23E+00    5.31E+00    5.12E+00    5.35E+00    5.23E+00    5.31E+00    5.12E+00
533    5.35E+00    5.23E+00    5.31E+00    5.12E+00    5.35E+00    5.23E+00    5.31E+00    5.12E+00
534    5.35E+00    5.23E+00    5.31E+00    5.12E+00    5.35E+00    5.23E+00    5.31E+00    5.12E+00
535    5.35E+00    5.23E+00    5.31E+00    5.12E+00    5.35E+00    5.23E+00    5.31E+00    5.12E+00
536    5.35E+00    5.23E+00    5.32E+00    5.12E+00    5.35E+00    5.23E+00    5.32E+00    5.12E+00
537    5.35E+00    5.24E+00    5.31E+00    5.12E+00    5.35E+00    5.24E+00    5.31E+00    5.12E+00
538    1.50E+00    1.50E+00    1.50E+00    1.50E+00    1.50E+00    1.50E+00    1.50E+00    1.50E+00
539    5.00E-03    5.00E-03    5.00E-03    5.00E-03    5.00E-03    5.00E-03    5.00E-03    5.00E-03
540    5.00E-01    5.00E-01    5.00E-01    5.00E-01    5.00E-01    5.00E-01    5.00E-01    5.00E-01

